1    -0.988795292702 -0.0163125630766 -0.148383858336	0.063677294655 0.85294689988 -0.518099206842	0.135015077952 -0.521742739548 -0.842351139641	-0.113459463815 -0.00257731936184 0.156889818395
2    0.906874967147 0.407566680668 -0.107084988544	0.399185073227 -0.749449074012 0.528183076947	0.135015077952 -0.521742739548 -0.842351139641	0.0390468511937 0.0358197355696 0.157551380245
3    0.64662872401 -0.597750342132 0.473883763982	-0.750761095163 -0.608669895928 0.256668532897	0.135015077952 -0.521742739548 -0.842351139641	-0.0962193464751 -0.21222579884 0.289507016324
