1    -0.854256456742 -0.492016549395 0.167826163738	-0.502012783542 0.696924837303 -0.512131756787	0.135015077952 -0.521742739548 -0.842351139641	-0.11794461965 -0.0305583207803 0.173502036284
2    -0.782621657379 0.465229830247 -0.413599500059	0.60767941394 0.715084413742 -0.345514125754	0.135015077952 -0.521742739548 -0.842351139641	-0.0980074747469 -0.199616140175 0.281410129155
3    0.984745389918 -0.023517328078 0.172404908032	-0.109760857136 -0.852778663551 0.510608563609	0.135015077952 -0.521742739548 -0.842351139641	-0.00385245608769 -0.0134117114764 0.181168724368
