1    -0.883966504826 0.320638651919 -0.340285282139	0.447631709188 0.790553836639 -0.417912053313	0.135015077952 -0.521742739548 -0.842351139641	-0.0456007319223 -0.147799598788 0.257715492975
2    -0.186153270095 0.821640500085 -0.538752121715	0.973199819543 0.229546078922 0.013809739052	0.135015077952 -0.521742739548 -0.842351139641	-0.110426050721 -0.0244043417361 0.170895434818
3    0.245852245763 -0.80590996436 0.538577573426	-0.959858115545 -0.279810012461 0.0194616275682	0.135015077952 -0.521742739548 -0.842351139641	-0.032222895705 0.00360910760129 0.166078905772
