1    0.840868297823 0.510031645543 -0.181130412299	0.524129215405 -0.683851032223 0.507578891686	0.135015077952 -0.521742739548 -0.842351139641	0.0280269142637 -0.0276058787798 0.195070170993
2    0.647544417704 0.689931158547 -0.323544778301	0.749971436673 -0.501776354758 0.431002707624	0.135015077952 -0.521742739548 -0.842351139641	-0.135010094815 -0.0147749010921 0.160990649297
3    -0.886143752307 -0.443934545075 0.132933705036	-0.443305965414 0.728496145094 -0.522276926171	0.135015077952 -0.521742739548 -0.842351139641	-0.0398857995705 -0.171529369032 0.273329453417
